      3 99
      3 98
      3 97
      3 95
      3 93
      3 92
      3 91
      3 90
      3 89
      3 88
      3 86
      3 85
      3 84
      3 83
      3 82
      3 81
      3 80
      3 78
      3 77
      3 76
      3 75
      3 56
      3 42
      3 358
      3 357
      3 356
      3 345
      3 344
      3 343
      3 342
      3 341
      3 340
      3 339
      3 338
      3 335
      3 334
      3 333
      3 332
      3 329
      3 328
      3 327
      3 325
      3 323
      3 321
      3 320
      3 319
      3 318
      3 317
      3 316
      3 315
      3 314
      3 313
      3 312
      3 311
      3 310
      3 309
      3 308
      3 307
      3 306
      3 304
      3 303
      3 302
      3 300
      3 293
      3 292
      3 289
      3 287
      3 284
      3 283
      3 282
      3 280
      3 278
      3 276
      3 274
      3 265
      3 261
      3 260
      3 259
      3 256
      3 255
      3 254
      3 253
      3 252
      3 250
      3 249
      3 248
      3 247
      3 243
      3 242
      3 241
      3 237
      3 236
      3 234
      3 232
      3 230
      3 229
      3 228
      3 227
      3 224
      3 223
      3 222
      3 221
      3 220
      3 219
      3 218
      3 217
      3 216
      3 215
      3 214
      3 213
      3 212
      3 211
      3 210
      3 209
      3 208
      3 207
      3 206
      3 205
      3 204
      3 203
      3 202
      3 201
      3 200
      3 196
      3 195
      3 194
      3 192
      3 191
      3 190
      3 182
      3 181
      3 179
      3 178
      3 177
      3 176
      3 175
      3 174
      3 173
      3 172
      3 171
      3 170
      3 169
      3 168
      3 167
      3 166
      3 163
      3 162
      3 161
      3 160
      3 159
      3 158
      3 157
      3 156
      3 155
      3 154
      3 151
      3 150
      3 149
      3 148
      3 147
      3 146
      3 142
      3 140
      3 139
      3 138
      3 137
      3 136
      3 135
      3 134
      3 133
      3 131
      3 130
      3 129
      3 126
      3 125
      3 124
      3 123
      3 122
      3 121
      3 120
      3 119
      3 118
      3 117
      3 116
      3 115
      3 113
      3 112
      3 111
      3 109
      3 108
      3 106
      3 104
      3 103
      3 102
      3 100
      3 1
      2 96
      2 94
      2 87
      2 8
      2 79
      2 74
      2 73
      2 72
      2 65
      2 63
      2 62
      2 60
      2 58
      2 55
      2 54
      2 53
      2 51
      2 50
      2 48
      2 477
      2 476
      2 475
      2 473
      2 472
      2 471
      2 470
      2 467
      2 466
      2 465
      2 464
      2 463
      2 462
      2 46
      2 45
      2 438
      2 437
      2 436
      2 435
      2 434
      2 433
      2 43
      2 41
      2 40
      2 39
      2 370
      2 37
      2 369
      2 368
      2 366
      2 365
      2 364
      2 363
      2 362
      2 361
      2 360
      2 359
      2 355
      2 354
      2 353
      2 352
      2 351
      2 350
      2 35
      2 349
      2 348
      2 347
      2 346
      2 337
      2 336
      2 331
      2 330
      2 33
      2 326
      2 324
      2 322
      2 32
      2 31
      2 305
      2 301
      2 30
      2 3
      2 299
      2 298
      2 297
      2 296
      2 295
      2 294
      2 290
      2 288
      2 286
      2 285
      2 281
      2 28
      2 279
      2 277
      2 275
      2 273
      2 272
      2 271
      2 270
      2 27
      2 269
      2 268
      2 267
      2 266
      2 264
      2 263
      2 262
      2 26
      2 258
      2 257
      2 251
      2 25
      2 246
      2 245
      2 244
      2 240
      2 24
      2 239
      2 238
      2 235
      2 233
      2 231
      2 23
      2 226
      2 225
      2 20
      2 2
      2 199
      2 198
      2 197
      2 19
      2 188
      2 187
      2 186
      2 185
      2 184
      2 183
      2 180
      2 18
      2 17
      2 165
      2 164
      2 153
      2 152
      2 145
      2 144
      2 143
      2 141
      2 132
      2 128
      2 127
      2 114
      2 110
      2 107
      2 105
      2 101
      1 9
      1 778
      1 777
      1 776
      1 775
      1 774
      1 770
      1 768
      1 766
      1 761
      1 760
      1 759
      1 758
      1 757
      1 756
      1 755
      1 752
      1 744
      1 742
      1 741
      1 736
      1 734
      1 732
      1 731
      1 729
      1 727
      1 726
      1 717
      1 715
      1 712
      1 711
      1 710
      1 71
      1 70
      1 7
      1 69
      1 684
      1 68
      1 67
      1 66
      1 648
      1 647
      1 646
      1 645
      1 644
      1 643
      1 642
      1 64
      1 639
      1 636
      1 635
      1 61
      1 609
      1 6
      1 59
      1 57
      1 538
      1 512
      1 511
      1 5
      1 498
      1 49
      1 479
      1 478
      1 474
      1 47
      1 469
      1 468
      1 461
      1 460
      1 459
      1 458
      1 457
      1 456
      1 455
      1 454
      1 453
      1 452
      1 451
      1 450
      1 449
      1 448
      1 447
      1 446
      1 445
      1 444
      1 442
      1 441
      1 440
      1 44
      1 432
      1 431
      1 430
      1 429
      1 428
      1 427
      1 426
      1 425
      1 424
      1 423
      1 422
      1 421
      1 420
      1 419
      1 418
      1 417
      1 416
      1 415
      1 414
      1 413
      1 412
      1 411
      1 410
      1 409
      1 408
      1 407
      1 406
      1 405
      1 404
      1 403
      1 402
      1 401
      1 400
      1 4
      1 399
      1 398
      1 397
      1 396
      1 395
      1 394
      1 393
      1 392
      1 391
      1 390
      1 389
      1 388
      1 387
      1 386
      1 385
      1 384
      1 383
      1 382
      1 381
      1 380
      1 38
      1 379
      1 378
      1 377
      1 376
      1 375
      1 374
      1 373
      1 372
      1 371
      1 367
      1 36
      1 34
      1 291
      1 29
      1 22
      1 193
      1 189
      1 15
      1 14
      1 13
      1 12
      1 11
      1 10
